32770,87803,1185037177896,sofa,1,1
32771,87813,1285037277896,sofa,1,1
32772,87823,1385037377897,cornerSofa,1,1
32773,87833,1485037477897,sofa,1,0
32774,87843,1585037577897,sofa,1,1
32775,87853,1685037677897,cornerSofa,1,0
32776,87863,1785037777896,sofa,1,1
32777,87873,1885037877897,abc,1,1
32778,87883,1985037977897,sofa,1,0
32779,87893,1085037077897,sofa,1,1
32710,87801,1415037177896,sofa,1,1
32721,87812,1425037277896,sofa,1,1
32732,87823,1435037377897,cornerSofa,1,1
32743,87834,1445037477897,sofa,1,0
32754,87845,1455037577897,sofa,1,1
32765,87856,1465037677897,cornerSofa,1,0
32776,87867,1475037777896,sofa,1,1
32787,87878,1485037877897,abc,1,1
32798,87889,1495037977897,sofa,1,0
32709,87890,1405037077897,sofa,1,1
32170,87103,1485137177896,sofa,1,1
32271,87213,1485237277896,sofa,1,1
32372,87323,1485337377897,cornerSofa,1,1
32473,87533,1485437477897,sofa,1,0
32574,87443,1485537577897,sofa,1,1
32675,87653,1485637677897,cornerSofa,1,0
32776,87763,1485737777896,sofa,1,1
32877,87873,1485837877897,abc,1,1
32978,87983,1485937977897,sofa,1,0
32079,87093,1485037077897,sofa,1,1
31770,81803,1485031177896,sofa,1,1
32771,82813,1485032277896,sofa,1,1
33772,83823,1485033377897,cornerSofa,1,1
34773,84833,1485034477897,sofa,1,0
35774,85843,1485035577897,sofa,1,1
36775,86853,1485036677897,cornerSofa,1,0
37776,87863,1485037777896,sofa,1,1
38777,88873,1485038877897,abc,1,1
39778,89883,1485039977897,sofa,1,0
30779,80893,1485030077897,sofa,1,1
12770,17803,1485037117896,sofa,1,1
22771,27813,1485037227896,sofa,1,1
32772,37823,1485037337897,cornerSofa,1,1
42773,47833,1485037447897,sofa,1,0
52774,57843,1485037557897,sofa,1,1
62775,67853,1485037667897,cornerSofa,1,0
72776,77863,1485037777896,sofa,1,1
82777,87873,1485037887897,abc,1,1
92778,97883,1485037997897,sofa,1,0
02779,07893,1485037007897,sofa,1,1